2 0.625 0.5925480769230769 0.0673076923076923 0.1658653846153846
2 0.8125 0.8822115384615384 0.07932692307692307 0.2091346153846154
1 0.43990384615384615 0.14423076923076922 0.06129807692307692 0.05048076923076923
2 0.5564903846153846 0.28725961538461536 0.04807692307692308 0.078125
2 0.5444711538461539 0.5985576923076923 0.056490384615384616 0.19110576923076922
2 0.38822115384615385 0.35096153846153844 0.038461538461538464 0.0673076923076923
2 0.6117788461538461 0.16826923076923078 0.030048076923076924 0.042067307692307696
2 0.5288461538461539 0.23197115384615385 0.03485576923076923 0.06610576923076923
2 0.5709134615384616 0.171875 0.027644230769230768 0.05048076923076923
2 0.4963942307692308 0.1502403846153846 0.025240384615384616 0.038461538461538464
2 0.5432692307692307 0.16947115384615385 0.025240384615384616 0.04927884615384615
2 0.3786057692307692 0.25841346153846156 0.03125 0.07451923076923077
1 0.3425480769230769 0.8221153846153846 0.16105769230769232 0.3545673076923077
2 0.28966346153846156 0.5504807692307693 0.055288461538461536 0.15625