1 0.4543269230769231 0.19831730769230768 0.0889423076923077 0.12980769230769232
4 0.5120192307692307 0.6814903846153846 0.18629807692307693 0.5168269230769231
2 0.7115384615384616 0.47115384615384615 0.06850961538461539 0.14423076923076922
4 0.23076923076923078 0.5576923076923077 0.17427884615384615 0.421875
2 0.3786057692307692 0.5552884615384616 0.057692307692307696 0.171875
2 0.6550480769230769 0.5649038461538461 0.0625 0.14423076923076922
2 0.37259615384615385 0.20192307692307693 0.036057692307692304 0.08173076923076923
2 0.3737980769230769 0.3713942307692308 0.05889423076923077 0.14783653846153846
2 0.5492788461538461 0.19591346153846154 0.05048076923076923 0.10096153846153846
2 0.6033653846153846 0.3786057692307692 0.056490384615384616 0.15985576923076922
2 0.5709134615384616 0.1658653846153846 0.037259615384615384 0.1045673076923077