2 0.8209134615384616 0.8930288461538461 0.08173076923076923 0.18990384615384615
4 0.38100961538461536 0.09615384615384616 0.07932692307692307 0.10697115384615384
4 0.5120192307692307 0.7403846153846154 0.1971153846153846 0.5192307692307693
1 0.33413461538461536 0.27884615384615385 0.10817307692307693 0.20552884615384615
2 0.5805288461538461 0.328125 0.057692307692307696 0.10576923076923077
2 0.6959134615384616 0.8918269230769231 0.06009615384615385 0.1658653846153846
1 0.46875 0.37740384615384615 0.12259615384615384 0.21033653846153846
2 0.7680288461538461 0.7151442307692307 0.07692307692307693 0.20552884615384615
4 0.18389423076923078 0.7524038461538461 0.24879807692307693 0.49278846153846156
2 0.6442307692307693 0.5528846153846154 0.06971153846153846 0.1971153846153846
2 0.43028846153846156 0.21634615384615385 0.030048076923076924 0.09375
2 0.34375 0.5024038461538461 0.054086538461538464 0.16105769230769232
2 0.3449519230769231 0.8617788461538461 0.09134615384615384 0.27524038461538464
2 0.34975961538461536 0.6694711538461539 0.08533653846153846 0.18509615384615385
2 0.6622596153846154 0.7283653846153846 0.051682692307692304 0.1622596153846154