2 0.8028846153846154 0.6298076923076923 0.07091346153846154 0.18509615384615385
2 0.671875 0.38461538461538464 0.054086538461538464 0.10336538461538461
2 0.45552884615384615 0.5408653846153846 0.056490384615384616 0.16826923076923078
2 0.5564903846153846 0.3786057692307692 0.04326923076923077 0.10697115384615384
2 0.6129807692307693 0.2848557692307692 0.039663461538461536 0.07451923076923077
2 0.5372596153846154 0.18389423076923078 0.03485576923076923 0.052884615384615384
2 0.6069711538461539 0.20072115384615385 0.026442307692307692 0.04927884615384615
2 0.4807692307692308 0.30288461538461536 0.03365384615384615 0.109375
2 0.5276442307692307 0.2932692307692308 0.027644230769230768 0.09975961538461539
2 0.5649038461538461 0.27884615384615385 0.030048076923076924 0.10096153846153846
2 0.47596153846153844 0.21394230769230768 0.03125 0.0829326923076923