1 0.3161057692307692 0.3317307692307692 0.11177884615384616 0.2247596153846154
4 0.5144230769230769 0.7391826923076923 0.1971153846153846 0.5204326923076923
2 0.8569711538461539 0.8052884615384616 0.08413461538461539 0.2403846153846154
2 0.7211538461538461 0.5276442307692307 0.0673076923076923 0.16706730769230768
2 0.6670673076923077 0.4266826923076923 0.06129807692307692 0.13822115384615385
2 0.4206730769230769 0.25721153846153844 0.038461538461538464 0.09495192307692307
4 0.1814903846153846 0.7548076923076923 0.2439903846153846 0.4891826923076923
4 0.3581730769230769 0.17067307692307693 0.08653846153846154 0.10216346153846154
2 0.7764423076923077 0.6911057692307693 0.09014423076923077 0.18629807692307693
1 0.4723557692307692 0.3701923076923077 0.11177884615384616 0.18629807692307693
2 0.5552884615384616 0.16466346153846154 0.042067307692307696 0.08052884615384616
2 0.5336538461538461 0.09735576923076923 0.026442307692307692 0.04326923076923077
2 0.8028846153846154 0.6802884615384616 0.06610576923076923 0.171875
2 0.3485576923076923 0.5216346153846154 0.05889423076923077 0.14302884615384615
2 0.5384615384615384 0.10576923076923077 0.02403846153846154 0.04326923076923077
2 0.6454326923076923 0.5444711538461539 0.055288461538461536 0.16105769230769232
2 0.6598557692307693 0.7115384615384616 0.04567307692307692 0.17307692307692307
2 0.6899038461538461 0.9026442307692307 0.08533653846153846 0.19471153846153846
2 0.34975961538461536 0.8677884615384616 0.0889423076923077 0.24759615384615385
2 0.34375 0.6730769230769231 0.0733173076923077 0.16706730769230768
2 0.8100961538461539 0.9038461538461539 0.07692307692307693 0.18509615384615385