2 0.8221153846153846 0.7427884615384616 0.0889423076923077 0.20072115384615385
1 0.32572115384615385 0.33653846153846156 0.12740384615384615 0.26322115384615385
2 0.6646634615384616 0.6274038461538461 0.06370192307692307 0.24879807692307693
1 0.3786057692307692 0.08052884615384616 0.0625 0.06129807692307692
1 0.46875 0.07211538461538461 0.055288461538461536 0.054086538461538464
1 0.46153846153846156 0.41225961538461536 0.13341346153846154 0.26802884615384615
2 0.8990384615384616 0.9206730769230769 0.09254807692307693 0.14903846153846154
4 0.16466346153846154 0.8076923076923077 0.23317307692307693 0.38461538461538464
4 0.3581730769230769 0.17307692307692307 0.08413461538461539 0.10576923076923077
2 0.5528846153846154 0.39302884615384615 0.054086538461538464 0.13221153846153846
2 0.5228365384615384 0.26802884615384615 0.054086538461538464 0.08533653846153846
2 0.7427884615384616 0.5600961538461539 0.08173076923076923 0.1875
2 0.6802884615384616 0.44350961538461536 0.05889423076923077 0.13942307692307693
2 0.33052884615384615 0.8990384615384616 0.09014423076923077 0.20072115384615385
2 0.6117788461538461 0.4411057692307692 0.057692307692307696 0.16466346153846154
2 0.17427884615384615 0.5420673076923077 0.06009615384615385 0.14903846153846154
2 0.34375 0.6213942307692307 0.06129807692307692 0.18990384615384615
2 0.3701923076923077 0.46875 0.042067307692307696 0.15865384615384615
2 0.5841346153846154 0.5600961538461539 0.04927884615384615 0.12740384615384615
4 0.5324519230769231 0.8088942307692307 0.2283653846153846 0.38221153846153844