1 0.32211538461538464 0.3389423076923077 0.11538461538461539 0.24278846153846154
4 0.5120192307692307 0.7403846153846154 0.19471153846153846 0.5192307692307693
2 0.6442307692307693 0.3317307692307692 0.06850961538461539 0.11057692307692307
4 0.36658653846153844 0.14543269230769232 0.0889423076923077 0.1310096153846154
2 0.765625 0.7127403846153846 0.07211538461538461 0.19831730769230768
2 0.7199519230769231 0.5408653846153846 0.09014423076923077 0.15985576923076922
2 0.8485576923076923 0.7764423076923077 0.08533653846153846 0.21634615384615385
1 0.47115384615384615 0.3713942307692308 0.11177884615384616 0.19951923076923078
4 0.17668269230769232 0.7475961538461539 0.22596153846153846 0.4831730769230769
2 0.6826923076923077 0.4170673076923077 0.07451923076923077 0.125
2 0.5264423076923077 0.0829326923076923 0.03125 0.04326923076923077
2 0.6899038461538461 0.8942307692307693 0.0625 0.17427884615384615
2 0.42427884615384615 0.25 0.03365384615384615 0.09134615384615384
2 0.8521634615384616 0.4675480769230769 0.06370192307692307 0.11778846153846154
2 0.8100961538461539 0.90625 0.07692307692307693 0.18629807692307693
2 0.6610576923076923 0.7079326923076923 0.06370192307692307 0.19471153846153846
2 0.6490384615384616 0.5480769230769231 0.04326923076923077 0.15625
2 0.34975961538461536 0.8798076923076923 0.06971153846153846 0.2403846153846154
2 0.3581730769230769 0.6802884615384616 0.07692307692307693 0.17908653846153846
2 0.3473557692307692 0.5144230769230769 0.06370192307692307 0.17307692307692307