4 0.28846153846153844 0.3858173076923077 0.15384615384615385 0.27524038461538464
1 0.45552884615384615 0.13701923076923078 0.08173076923076923 0.0985576923076923
4 0.5072115384615384 0.5288461538461539 0.17548076923076922 0.4338942307692308
2 0.4074519230769231 0.3401442307692308 0.04927884615384615 0.13581730769230768
2 0.5637019230769231 0.22956730769230768 0.042067307692307696 0.07572115384615384
2 0.6141826923076923 0.3605769230769231 0.06850961538461539 0.13822115384615385
2 0.5252403846153846 0.12379807692307693 0.028846153846153848 0.05889423076923077
2 0.3918269230769231 0.11658653846153846 0.030048076923076924 0.06610576923076923
2 0.8317307692307693 0.9026442307692307 0.07572115384615384 0.18990384615384615
2 0.38100961538461536 0.2403846153846154 0.038461538461538464 0.09615384615384616
2 0.6262019230769231 0.2800480769230769 0.042067307692307696 0.10697115384615384