2 0.7620192307692307 0.7055288461538461 0.07211538461538461 0.20552884615384615
1 0.4675480769230769 0.36177884615384615 0.125 0.18629807692307693
2 0.5673076923076923 0.40625 0.056490384615384616 0.12740384615384615
4 0.390625 0.08533653846153846 0.06370192307692307 0.08173076923076923
2 0.8245192307692307 0.890625 0.0889423076923077 0.1814903846153846
2 0.7091346153846154 0.4987980769230769 0.07211538461538461 0.1778846153846154
2 0.6935096153846154 0.8918269230769231 0.06610576923076923 0.16826923076923078
4 0.5120192307692307 0.7403846153846154 0.19951923076923078 0.5192307692307693
1 0.34975961538461536 0.22596153846153846 0.10216346153846154 0.17668269230769232
2 0.5588942307692307 0.1658653846153846 0.04326923076923077 0.07692307692307693
4 0.17908653846153846 0.7475961538461539 0.2247596153846154 0.47115384615384615
2 0.5288461538461539 0.21754807692307693 0.038461538461538464 0.07932692307692307
2 0.43509615384615385 0.16346153846153846 0.025240384615384616 0.0673076923076923
2 0.34375 0.859375 0.07932692307692307 0.265625
2 0.34975961538461536 0.6682692307692307 0.08173076923076923 0.18990384615384615
2 0.3425480769230769 0.4807692307692308 0.09375 0.18028846153846154
2 0.6454326923076923 0.5252403846153846 0.0733173076923077 0.21634615384615385