1 0.3112980769230769 0.4735576923076923 0.1502403846153846 0.15985576923076922
2 0.6658653846153846 0.8870192307692307 0.109375 0.18269230769230768
1 0.28966346153846156 0.7067307692307693 0.21875 0.30528846153846156
2 0.8100961538461539 0.8882211538461539 0.11057692307692307 0.16826923076923078
1 0.5444711538461539 0.5384615384615384 0.18870192307692307 0.22235576923076922
2 0.7151442307692307 0.71875 0.09375 0.16947115384615385
1 0.46274038461538464 0.41346153846153844 0.09495192307692307 0.1346153846153846
2 0.5516826923076923 0.6802884615384616 0.10576923076923077 0.1502403846153846
2 0.6430288461538461 0.4855769230769231 0.06490384615384616 0.11177884615384616
2 0.49278846153846156 0.7884615384615384 0.0829326923076923 0.11658653846153846
2 0.4699519230769231 0.9074519230769231 0.10336538461538461 0.14543269230769232
1 0.4423076923076923 0.3076923076923077 0.09975961538461539 0.07572115384615384