2 0.5420673076923077 0.5865384615384616 0.06129807692307692 0.1622596153846154
1 0.4170673076923077 0.22115384615384615 0.07932692307692307 0.12740384615384615
2 0.5048076923076923 0.24278846153846154 0.03125 0.07091346153846154
2 0.6778846153846154 0.30408653846153844 0.04807692307692308 0.07692307692307693
2 0.6286057692307693 0.21033653846153846 0.030048076923076924 0.04927884615384615
2 0.5757211538461539 0.3173076923076923 0.046875 0.09615384615384616
1 0.5036057692307693 0.13822115384615385 0.04447115384615385 0.03485576923076923
2 0.65625 0.7403846153846154 0.0733173076923077 0.2091346153846154
2 0.6165865384615384 0.3016826923076923 0.040865384615384616 0.0889423076923077
2 0.27163461538461536 0.5661057692307693 0.0673076923076923 0.13822115384615385
2 0.5360576923076923 0.16947115384615385 0.028846153846153848 0.04567307692307692
2 0.5961538461538461 0.18509615384615385 0.028846153846153848 0.040865384615384616