2 0.6694711538461539 0.8882211538461539 0.10576923076923077 0.1935096153846154
1 0.30649038461538464 0.46875 0.1466346153846154 0.16466346153846154
2 0.8149038461538461 0.8918269230769231 0.11778846153846154 0.19831730769230768
1 0.46033653846153844 0.41586538461538464 0.09495192307692307 0.1346153846153846
1 0.2848557692307692 0.7115384615384616 0.21153846153846154 0.29447115384615385
1 0.5432692307692307 0.5360576923076923 0.1778846153846154 0.21033653846153846
2 0.7175480769230769 0.7223557692307693 0.08533653846153846 0.16826923076923078
2 0.5084134615384616 0.7439903846153846 0.09495192307692307 0.18028846153846154
2 0.5516826923076923 0.6790865384615384 0.10817307692307693 0.1622596153846154
2 0.5793269230769231 0.8533653846153846 0.07932692307692307 0.15745192307692307
2 0.4735576923076923 0.8894230769230769 0.09735576923076923 0.21634615384615385