1 0.3161057692307692 0.35336538461538464 0.11177884615384616 0.18269230769230768
4 0.5168269230769231 0.7379807692307693 0.1971153846153846 0.5180288461538461
2 0.8581730769230769 0.8016826923076923 0.0889423076923077 0.24519230769230768
4 0.16947115384615385 0.7524038461538461 0.22235576923076922 0.49399038461538464
4 0.3581730769230769 0.17067307692307693 0.08653846153846154 0.10096153846153846
2 0.4206730769230769 0.25600961538461536 0.039663461538461536 0.09615384615384616
2 0.5625 0.22115384615384615 0.04567307692307692 0.0829326923076923
2 0.8100961538461539 0.8966346153846154 0.054086538461538464 0.18509615384615385
1 0.4723557692307692 0.375 0.11057692307692307 0.1935096153846154
2 0.8004807692307693 0.6802884615384616 0.07091346153846154 0.1814903846153846
2 0.6706730769230769 0.45072115384615385 0.06009615384615385 0.14783653846153846
2 0.7259615384615384 0.5396634615384616 0.06850961538461539 0.13581730769230768
2 0.6899038461538461 0.8918269230769231 0.06490384615384616 0.1814903846153846
2 0.8533653846153846 0.4675480769230769 0.06370192307692307 0.1201923076923077
2 0.3485576923076923 0.5228365384615384 0.057692307692307696 0.14543269230769232
2 0.3485576923076923 0.8545673076923077 0.10096153846153846 0.28365384615384615
2 0.3485576923076923 0.6778846153846154 0.06129807692307692 0.17307692307692307
2 0.6454326923076923 0.5420673076923077 0.051682692307692304 0.18509615384615385
2 0.6610576923076923 0.7199519230769231 0.06009615384615385 0.1502403846153846