4 0.35216346153846156 0.19831730769230768 0.1045673076923077 0.1658653846153846
1 0.46875 0.10216346153846154 0.06009615384615385 0.09615384615384616
2 0.6538461538461539 0.5048076923076923 0.0625 0.16706730769230768
1 0.4675480769230769 0.5024038461538461 0.1466346153846154 0.34615384615384615
2 0.5949519230769231 0.6610576923076923 0.06850961538461539 0.22956730769230768
2 0.7067307692307693 0.8233173076923077 0.08653846153846154 0.21033653846153846
1 0.38100961538461536 0.09014423076923077 0.06009615384615385 0.0673076923076923
1 0.29927884615384615 0.43509615384615385 0.13942307692307693 0.31971153846153844
2 0.7271634615384616 0.6262019230769231 0.06009615384615385 0.15264423076923078
2 0.08774038461538461 0.9014423076923077 0.08173076923076923 0.19110576923076922
2 0.296875 0.9627403846153846 0.08413461538461539 0.07451923076923077
2 0.5300480769230769 0.30649038461538464 0.06610576923076923 0.10096153846153846
2 0.5564903846153846 0.4014423076923077 0.06129807692307692 0.13581730769230768
2 0.8737980769230769 0.9350961538461539 0.1141826923076923 0.125
2 0.7584134615384616 0.5108173076923077 0.051682692307692304 0.17307692307692307
2 0.8497596153846154 0.47475961538461536 0.054086538461538464 0.125