1 0.6201923076923077 0.7632211538461539 0.09975961538461539 0.1346153846153846
4 0.8581730769230769 0.6322115384615384 0.0985576923076923 0.1622596153846154
1 0.6622596153846154 0.49158653846153844 0.06971153846153846 0.10576923076923077
1 0.8377403846153846 0.7367788461538461 0.10697115384615384 0.17307692307692307
2 0.7524038461538461 0.6322115384615384 0.039663461538461536 0.0829326923076923
4 0.47836538461538464 0.5024038461538461 0.057692307692307696 0.11177884615384616
2 0.9807692307692307 0.7211538461538461 0.037259615384615384 0.11177884615384616
2 0.7632211538461539 0.5516826923076923 0.026442307692307692 0.0673076923076923
1 0.5120192307692307 0.5841346153846154 0.042067307692307696 0.0673076923076923
2 0.7584134615384616 0.5372596153846154 0.026442307692307692 0.06490384615384616
2 0.5192307692307693 0.671875 0.04447115384615385 0.1045673076923077
4 0.46274038461538464 0.6911057692307693 0.07692307692307693 0.14182692307692307