1 0.8954326923076923 0.7752403846153846 0.11899038461538461 0.16346153846153846
1 0.8521634615384616 0.6454326923076923 0.09134615384615384 0.10216346153846154
1 0.6995192307692307 0.4807692307692308 0.04567307692307692 0.05889423076923077
1 0.6418269230769231 0.5805288461538461 0.0625 0.1045673076923077
1 0.7391826923076923 0.5889423076923077 0.06971153846153846 0.10336538461538461
2 0.7956730769230769 0.5817307692307693 0.025240384615384616 0.05048076923076923
4 0.5192307692307693 0.5985576923076923 0.0733173076923077 0.12620192307692307
1 0.5949519230769231 0.5120192307692307 0.057692307692307696 0.08653846153846154
1 0.45072115384615385 0.45072115384615385 0.036057692307692304 0.055288461538461536
1 0.46634615384615385 0.5144230769230769 0.04927884615384615 0.10096153846153846
2 0.4735576923076923 0.8112980769230769 0.038461538461538464 0.1141826923076923
2 0.41466346153846156 0.6514423076923077 0.038461538461538464 0.09615384615384616
2 0.390625 0.5841346153846154 0.030048076923076924 0.08173076923076923
2 0.42908653846153844 0.5793269230769231 0.03485576923076923 0.07692307692307693