4 0.6826923076923077 0.5516826923076923 0.06610576923076923 0.09495192307692307
1 0.7151442307692307 0.5961538461538461 0.07091346153846154 0.08052884615384616
4 0.8064903846153846 0.8185096153846154 0.32211538461538464 0.18990384615384615
3 0.27283653846153844 0.7211538461538461 0.15384615384615385 0.2692307692307692
4 0.9411057692307693 0.9182692307692307 0.11778846153846154 0.15865384615384615
3 0.3641826923076923 0.4338942307692308 0.055288461538461536 0.0985576923076923
4 0.3317307692307692 0.4807692307692308 0.04326923076923077 0.06129807692307692
2 0.7944711538461539 0.9074519230769231 0.11177884615384616 0.12139423076923077
4 0.4723557692307692 0.4182692307692308 0.03365384615384615 0.06490384615384616
3 0.4326923076923077 0.375 0.038461538461538464 0.051682692307692304
3 0.4254807692307692 0.41225961538461536 0.04807692307692308 0.07692307692307693
3 0.3713942307692308 0.38100961538461536 0.042067307692307696 0.05889423076923077