4 0.6971153846153846 0.5997596153846154 0.18509615384615385 0.1141826923076923
1 0.7944711538461539 0.8377403846153846 0.23557692307692307 0.15865384615384615
3 0.36899038461538464 0.5444711538461539 0.09014423076923077 0.15264423076923078
4 0.7980769230769231 0.6730769230769231 0.12620192307692307 0.1141826923076923
2 0.96875 0.9086538461538461 0.057692307692307696 0.0889423076923077
1 0.7584134615384616 0.7596153846153846 0.2283653846153846 0.11298076923076923
1 0.6382211538461539 0.46634615384615385 0.04326923076923077 0.054086538461538464
2 0.8689903846153846 0.9543269230769231 0.12259615384615384 0.08052884615384616
2 0.7067307692307693 0.7019230769230769 0.06129807692307692 0.06850961538461539
4 0.6213942307692307 0.44471153846153844 0.042067307692307696 0.05889423076923077
3 0.43149038461538464 0.3629807692307692 0.036057692307692304 0.06370192307692307
4 0.4074519230769231 0.39783653846153844 0.028846153846153848 0.042067307692307696
1 0.5925480769230769 0.4050480769230769 0.025240384615384616 0.038461538461538464
3 0.4639423076923077 0.3581730769230769 0.030048076923076924 0.04567307692307692