4 0.5625 0.46153846153846156 0.08774038461538461 0.17427884615384615
1 0.4110576923076923 0.7896634615384616 0.14302884615384615 0.21394230769230768
1 0.6177884615384616 0.6682692307692307 0.14903846153846154 0.24879807692307693
0 0.4375 0.5456730769230769 0.1045673076923077 0.18389423076923078
1 0.7836538461538461 0.8882211538461539 0.3173076923076923 0.22355769230769232
1 0.5072115384615384 0.36778846153846156 0.06009615384615385 0.08413461538461539
1 0.4495192307692308 0.4230769230769231 0.07451923076923077 0.08653846153846154
1 0.5865384615384616 0.9266826923076923 0.26802884615384615 0.1466346153846154
1 0.5913461538461539 0.3605769230769231 0.04927884615384615 0.08774038461538461
2 0.08533653846153846 0.9314903846153846 0.07692307692307693 0.13701923076923078
2 0.2644230769230769 0.6838942307692307 0.05048076923076923 0.1466346153846154
2 0.3894230769230769 0.46875 0.036057692307692304 0.09495192307692307
2 0.21033653846153846 0.8353365384615384 0.06009615384615385 0.15865384615384615