1 0.6177884615384616 0.6262019230769231 0.11658653846153846 0.25240384615384615
1 0.39302884615384615 0.4879807692307692 0.1141826923076923 0.24278846153846154
1 0.5276442307692307 0.48197115384615385 0.08774038461538461 0.15384615384615385
0 0.5276442307692307 0.3449519230769231 0.07572115384615384 0.13822115384615385
1 0.49278846153846156 0.1814903846153846 0.05048076923076923 0.07572115384615384
1 0.6262019230769231 0.875 0.18269230769230768 0.25
4 0.33413461538461536 0.7848557692307693 0.1935096153846154 0.3858173076923077
2 0.7427884615384616 0.8653846153846154 0.04807692307692308 0.2644230769230769
2 0.6742788461538461 0.5829326923076923 0.04567307692307692 0.171875
2 0.47836538461538464 0.34975961538461536 0.025240384615384616 0.13942307692307693
2 0.5769230769230769 0.3233173076923077 0.03125 0.13581730769230768