1 0.5661057692307693 0.6021634615384616 0.10336538461538461 0.22115384615384615
1 0.4411057692307692 0.09014423076923077 0.04326923076923077 0.05048076923076923
4 0.37740384615384615 0.4723557692307692 0.171875 0.41466346153846156
4 0.5540865384615384 0.41586538461538464 0.10216346153846154 0.22956730769230768
2 0.7596153846153846 0.8798076923076923 0.06490384615384616 0.23798076923076922
1 0.5108173076923077 0.26322115384615385 0.05889423076923077 0.1045673076923077
1 0.6105769230769231 0.9050480769230769 0.14903846153846154 0.18990384615384615
2 0.4831730769230769 0.4879807692307692 0.03485576923076923 0.1971153846153846
2 0.6298076923076923 0.4567307692307692 0.027644230769230768 0.13581730769230768
2 0.6189903846153846 0.7235576923076923 0.04807692307692308 0.1971153846153846
2 0.7043269230769231 0.7824519230769231 0.051682692307692304 0.25841346153846156
2 0.6694711538461539 0.5985576923076923 0.03245192307692308 0.18629807692307693
2 0.6466346153846154 0.5588942307692307 0.04326923076923077 0.20552884615384615
1 0.3629807692307692 0.8341346153846154 0.1875 0.33052884615384615