4 0.5276442307692307 0.3557692307692308 0.09735576923076923 0.203125
1 0.38341346153846156 0.6574519230769231 0.1502403846153846 0.3269230769230769
1 0.3125 0.15985576923076922 0.039663461538461536 0.051682692307692304
2 0.34975961538461536 0.1778846153846154 0.02403846153846154 0.04447115384615385
1 0.40024038461538464 0.3329326923076923 0.06490384615384616 0.11298076923076923
2 0.6802884615384616 0.9170673076923077 0.0733173076923077 0.16105769230769232
2 0.5168269230769231 0.9206730769230769 0.08653846153846154 0.15865384615384615
2 0.5444711538461539 0.7475961538461539 0.0829326923076923 0.2283653846153846
2 0.671875 0.7211538461538461 0.06850961538461539 0.21394230769230768
2 0.5757211538461539 0.6274038461538461 0.04807692307692308 0.19951923076923078
2 0.5048076923076923 0.6225961538461539 0.03485576923076923 0.18870192307692307
2 0.6526442307692307 0.5564903846153846 0.038461538461538464 0.16346153846153846
2 0.6153846153846154 0.4831730769230769 0.027644230769230768 0.14423076923076922
2 0.5324519230769231 0.5036057692307693 0.037259615384615384 0.15264423076923078
2 0.4879807692307692 0.45913461538461536 0.027644230769230768 0.1310096153846154
1 0.39783653846153844 0.4483173076923077 0.0889423076923077 0.14182692307692307
2 0.45072115384615385 0.41225961538461536 0.02403846153846154 0.14182692307692307